1000
0 0
1 0
1 1
0 1
0.16626381497898735 0.6243736554471558
0.9394678039533649 0.07616401278357687
0.09623259218964342 0.13242000586279046
0.9877434029972882 0.4777703763348514
0.17188083467720783 0.21412572177264644
0.23029489950275073 0.5796999766726577
0.7244043548138783 0.8729421905271321
0.9559187553622497 0.8979175665756562
0.6084489096186398 0.47947682884948284
0.09398356832993104 0.9150843318499304
0.31322126536077444 0.32000703882068515
0.941842328345644 0.07139601085457792
0.48379182103872487 0.3054375166259037
0.47365482213029886 0.21415855440522746
0.9774971966402118 0.7217129963810619
0.1275018426905432 0.6942418411702903
0.850859108679352 0.8060183017500561
0.31630451804533155 0.40399802276076757
0.34919344846178035 0.492668657871023
0.16294606738420037 0.31392559744650306
0.05409170152375775 0.8884130223343979
0.121125093033976 0.48430632674562246
0.8332141500051757 0.9089436786483129
0.21085290794217226 0.10323699242515771
0.13234257579673891 0.03672548550923316
0.5711402798177594 0.8339233520449372
0.45139758340440495 0.3448289737442468
0.9123010465800722 0.6417991612481749
0.5541339161341094 0.7722708587447175
0.23643403536572205 0.3159783137136597
0.07548447417870441 0.13343719995819336
0.8870264118051742 0.0997433775650578
0.7110319764285619 0.4974830708320245
0.5872550209186855 0.20121919929189114
0.09984468529855406 0.3831748037224527
0.6314449971039647 0.46807578797307314
0.844920766078577 0.6804592984245588
0.8052777229579179 0.1790495046389673
0.8547432934644656 0.33211687641383225
0.9277227623654783 0.7302673030895106
0.33495603381902384 0.5871730648002291
0.1313016807775832 0.9758040433983498
0.31092770045376494 0.07231616682164521
0.1271742196729001 0.11959784688545161
0.5199805929037062 0.018386929888119075
0.7376698281096483 0.3497944524401163
0.8763165867496925 0.7260773508874033
0.9212710853037848 0.8567861249322907
0.48218233315862935 0.7582961417583751
0.3636874517135368 0.4826562561495138
0.3355722187470124 0.4062279307776697
0.4635416831499596 0.012436582577017852
0.46777623934772317 0.6919346384005843
0.2023227222251407 0.036528208765913006
0.23333746064083516 0.5424169006582484
0.9556431146968133 0.38883419960744536
0.8704914558959927 0.7983742409982378
0.7764704715408322 0.3965955764749517
0.2519182795865291 0.4054726480887221
0.06088666470620008 0.565618904182094
0.9536448142693806 0.4767488820099687
0.7930598516561206 0.8685283392285267
0.3841936689321299 0.9118509378328712
0.7584983757862752 0.5038704984550831
0.7365821983324355 0.912134418692518
0.21328785470840084 0.8503457877309051
0.952533532241963 0.04020475247779276
0.5018955217628108 0.3531354837899694
0.7212685455848863 0.4383160467394701
0.02725926208821461 0.24823842851039069
0.7745063858576662 0.44210676960202466
0.7942605926603438 0.35592719208293566
0.38480828428130687 0.10447385722013147
0.4713148608074381 0.6558788140758488
0.026157638782160486 0.07895598911517254
0.5446937670768643 0.9942300075922517
0.6136769968843917 0.9028182609199507
0.6763285918463655 0.06675251655132686
0.6036401660717271 0.9670996853901191
0.8182253282982032 0.7725396296867874
0.5054460129984801 0.3642063075545918
0.9852554612175207 0.13903994536666286
0.033977897268836266 0.3632019817434732
0.8429692309038256 0.2819697809308922
0.2137805806728168 0.47877025888061053
0.42821102002919964 0.2825811587198931
0.23574426272075466 0.9718901697312745
0.38769892403290185 0.4399574822817749
0.7624935203868627 0.14858961453819886
0.09336396861509222 0.08745419802599663
0.6804361075578689 0.007710212376645154
0.8731267945245554 0.0500974413777272
0.004435122365853306 0.6294377335821095
0.38192275806821174 0.8636984319661168
0.7553250577377829 0.19342247184001427
0.830168656476123 0.07663722120791072
0.15100093076859844 0.668634585812354
0.3854980497192859 0.31171426636624144
0.37856674676345015 0.026669123000349404
0.5684740469362997 0.2781641747263053
0.5480380189335259 0.29603660449743086
0.8741215557205477 0.5928703265398719
0.16734995453662527 0.8970443456120876
0.1685041640589372 0.09501573074415193
0.6239320474254766 0.47519503304064736
0.6332030393186965 0.3198494012684391
0.7098663128240543 0.8855985404393583
0.16043831919307683 0.9349438751024561
0.18565518007803072 0.07171392344680505
0.1377065865738315 0.23626438171386488
0.7418822339169168 0.32880807181412763
0.5031901357379557 0.25156534540366093
0.4885571274221303 0.845839156788072
0.8018272650064573 0.6050756110968973
0.2786939628300992 0.4790413275344385
0.7268150889448872 0.0601287930859864
0.7556796981695834 0.4263096807792143
0.29244957150200634 0.5753405282583309
0.0032473872700713446 0.843552814616211
0.3515901650093377 0.785129917029485
0.07237694187769927 0.4725021185941719
0.644668881812524 0.04682728170706063
0.46120345356387926 0.03403625317813597
0.9470473751961306 0.5843062471604047
0.8320213901235102 0.48190016010099035
0.16765711772044956 0.802023219623823
0.863730696118158 0.20876803679583456
0.4442419405940041 0.5435423214725857
0.15857815893886307 0.9499198821965104
0.3791538516547155 0.9250698057647024
0.5488061830860939 0.4393721780670097
0.5645366522744554 0.3872168231737747
0.9818278594190933 0.8391222976591207
0.4568642957921003 0.777154829480354
0.4018058419188554 0.5842382939882782
0.4781836918376725 0.5985230844772568
0.6910198184862422 0.5648443164538776
0.9450450899602515 0.04789363115837297
0.7861656686450986 0.5006234444116052
0.05598485832694611 0.09429357752295253
0.5427365939724317 0.9542794263588757
0.7045595067386661 0.6522302038541833
0.7848950304242265 0.6774693856316085
0.3273118515728086 0.8488603875442465
0.2487512487514586 0.8860394482105307
0.3446830402281119 0.49238955714174804
0.8037231256327522 0.6209665068570723
0.007767610102357159 0.11148251973269441
0.4196584947440887 0.5672282479535616
0.6249406914109717 0.3544126286325672
0.8366601910090562 0.574895437923232
0.20976992899191604 0.11187119300126747
0.7900610597664048 0.6550591854764285
0.5652573412560871 0.4588050621390418
0.9447543487525348 0.40777785676848954
0.6993388251850696 0.39834466500227594
0.4010924998054003 0.6800470408569819
0.2527024425341965 0.43483083245686405
0.7488255564425574 0.7488675669885081
0.312368719192032 0.2031436745454066
0.1660575638220093 0.47780605643804774
0.583109847802842 0.7379822518093504
0.9869578879493588 0.7050131728256701
0.3936665505150939 0.47943881480401573
0.4949716242384097 0.5864850961280261
0.4258548464424432 0.7801574347859258
0.43753134743196276 0.7404236230725223
0.3720376631259158 0.5045609458068556
0.9037802280557273 0.8168713293782282
0.9500687886181571 0.29207668976244805
0.7585744073423599 0.5513677351803544
0.834699840731928 0.19398608626324576
0.7840400507909772 0.45219349338609427
0.10057322748819597 0.6874685783594567
0.04421879290600128 0.0178391871183744
0.7143076038290893 0.520605915570608
0.758842598752013 0.7846563421416933
0.4618143673151487 0.4485577442253851
0.14903730911705937 0.5642180063182382
0.4518672600369743 0.6838152589971529
0.3007616810690016 0.9457370154916814
0.9980793092167263 0.8023847237095957
0.08104644878535638 0.510959886787205
0.24882463344892425 0.9229475602287652
0.537606287573837 0.23727512310263366
0.408275321796732 0.20749002597679556
0.01415462982747373 0.24934460959383686
0.7716062103623934 0.11958982603158441
0.42175972258265504 0.42038734355315366
0.08355341232583668 0.4204928217875601
0.7208376438767516 0.32131484565544743
0.9218952620437757 0.5833082781873276
0.688886399704865 0.6692381620733203
0.9060570904368374 0.16209617831923373
0.4758222016575947 0.7364364297667046
0.5359239426631631 0.6653158174732402
0.2817877363297291 0.14669758441377945
0.377078292907971 0.652049678440837
0.7315592689575019 0.10801158596426952
0.12606287089925905 0.09461261680010868
0.16518799412035856 0.4089175621217488
0.8129008921123857 0.5326008328250255
0.11626798178468933 0.440376081408165
0.027989364713250087 0.18113122395170045
0.7072317649364788 0.0958579294533407
0.5966137939602453 0.9499665479938239
0.5553317674894976 0.6494119155346278
0.5667153386029596 0.2804171855652636
0.05347397086757488 0.6147933860337963
0.7241742490772433 0.8133558426143438
0.5668277212077754 0.14830643970475166
0.10475653202498747 0.16437659514819303
0.1691438468297708 0.7738326458699988
0.13300307757219954 0.5010750527894666
0.031970469523655454 0.08058931293799643
0.08572396653744829 0.19262185244197483
0.4754641394865028 0.5724811154635079
0.5513927813148036 0.5332468304184095
0.991251876183724 0.032478658341451694
0.43661909918533914 0.4289467314547154
0.2558066556702139 0.6062782439802242
0.8570099237012107 0.9806742275262189
0.26705793351870544 0.30656738623967394
0.9421137112421795 0.09746214133091113
0.25746553562616115 0.792540707059249
0.1827730712035215 0.6293809098667892
0.9635436803146022 0.0888812795839804
0.45409606688517745 0.022923789138475703
0.16482943640962622 0.37424300680130385
0.2583873414047252 0.1703589789629667
0.1445478995713465 0.09133968098615441
0.04976443307163292 0.9497829573783285
0.8697339337023964 0.40906646325476115
0.7258170082773284 0.9340556023505283
0.24032856355077148 0.5016505930222791
0.5015489662026066 0.884491672351783
0.7147752752257417 0.20064771055307185
0.4169773807706032 0.9391296108146288
0.9839001909560942 0.3226706958755272
0.6721437944490457 0.8555935134439449
0.13536681636749814 0.3790585000360861
0.831927144694356 0.2750092698360882
0.9277547914498713 0.4332623547339468
0.6979299660502692 0.7361314214147439
0.3763194723661569 0.587547439221318
0.30584234671124955 0.08778276401572227
0.8417470035590778 0.9526781433638108
0.07407095089896953 0.022903465183166105
0.2087272718004124 0.9825752975942937
0.603053545701703 0.6889523707260898
0.5429253619445906 0.7405046508007664
0.004561566888311774 0.7170981710654707
0.8229393084741632 0.004175022174094489
0.9264270495430837 0.5565835115815718
0.9580903820401102 0.11419649246012331
0.6305119065765794 0.7008403963046983
0.3233994521169028 0.12366757973317621
0.5803716806108307 0.2483803806824726
0.4698610925640031 0.11623201693703578
0.9999473070082984 0.2541791347854194
0.5011349138238184 0.5257652976187966
0.7757523978251514 0.4962187496281937
0.8470310242840605 0.9129217564577864
0.8924057519827749 0.6070484379367057
0.8096750490072744 0.9320932910639089
0.31499170446087543 0.0016677600138772508
0.309995054570657 0.15690094088957351
0.8616138315653666 0.6707328759701751
0.7201815012345812 0.023160924606338007
0.14564041541326522 0.7020317280886631
0.5320282725805006 0.3953374734472983
0.10952252147255026 0.3433683275753211
0.8815711814824344 0.16581405196628773
0.020698899401878967 0.5264430793859641
0.6271981677489058 0.8558863676297879
0.054984167896428016 0.03401000750671923
0.7614128807091204 0.40319939340512934
0.7539700941338087 0.9115380265997676
0.42569135858684903 0.19242203607336883
0.7103518882456711 0.29979842332776874
0.6933794349579674 0.91427266663345
0.8087254024578057 0.5962456987354363
0.587336127207833 0.022579721427872235
0.2292823337842863 0.740754820568278
0.5070360397274621 0.3998811075849922
0.20796495379513025 0.46522265518398265
0.3541019691302385 0.33913718427150163
0.23902356853758944 0.5467372322436447
0.1657462528419008 0.10245207908085041
0.00455324202109153 0.460463351187257
0.9923575057365789 0.12726803502719253
0.8204690029961901 0.3410884461237784
0.08847712447360145 0.4163189177906178
0.799511571929051 0.8306183616831548
0.22566790188010777 0.7696978025451543
0.24925854839150352 0.21550711745822804
0.08128433044887384 0.2957152481282691
0.04674849681420645 0.23755120566976573
0.20891312856961652 0.0717942827764142
0.861208637878753 0.1006731691823044
0.054258740038192976 0.9174688613354114
0.13250941853861176 0.4896653024060855
0.8445081759699679 0.9886229100247677
0.6553518408167207 0.8671591170925975
0.9497156892435438 0.30542673856697555
0.4678267933850696 0.9215321325562137
0.49150675781487974 0.3859990741815631
0.49786779843659845 0.8011579330254532
0.5574082343211917 0.8736421150663024
0.08225197350031832 0.689351904626661
0.36836929209453795 0.4175679550673741
0.04018637845255102 0.3495592846924862
0.14254551499181445 0.09535511209063585
0.4571500601799302 0.5017781350798123
0.2001769449837133 0.34994359611930925
0.7145446055429866 0.2789051451863037
0.06239753932915215 0.7547980944442947
0.5868390893679803 0.5556370028889169
0.9110726048293479 0.917938347341558
0.42027819819992485 0.6427559626100069
0.7972676315378208 0.4888568406962809
0.5058545158419727 0.6960731774902955
0.41271014848019105 0.5419137068539271
0.7641295594480995 0.20199879262557452
0.07161398127131702 0.5756191086226914
0.770620607028727 0.07065313736032575
0.7894932765593846 0.9892842199471888
0.9678528209631857 0.1926285769241165
0.9911010365119582 0.1768414519826914
0.633809779976936 0.7969571044781915
0.4313851533027059 0.31220532341896323
0.8063976465297604 0.5855337096427817
0.37136261824804095 0.4913659382236415
0.8996711571559718 0.41319123030014704
0.9150701350139492 0.14347650352631325
0.1899529382607681 0.2328174845132397
0.6842576405309932 0.5265177051805245
0.6986095608711645 0.1313508828347998
0.6842486961002846 0.6826911545176751
0.25313153312090986 0.5451861251822651
0.29739960634264884 0.44451482010074805
0.6692963486250034 0.1624664841806459
0.8298470081024286 0.9546641111995298
0.06457735355069594 0.5949352373585041
0.9327414855617336 0.6909214014112105
0.28659318255461186 0.6334631876996194
0.5209223328365286 0.17216847346843767
0.3202761369864813 0.7890654671823406
0.5199968846893734 0.36217571242786784
0.3235700235162382 0.8651654344059562
0.8870452454783413 0.2850125398016502
0.6338510814133534 0.5070589437026174
0.8706789581605214 0.5192240011601721
0.6858986590139526 0.030977998119097738
0.40294055651176364 0.04748843038401607
0.2871244795921304 0.34784749102280677
0.8485381869679499 0.40429166875074907
0.10690291398225815 0.4657743428931014
0.07616740447991277 0.18622358194284516
0.55422686536185 0.8805040166370343
0.9621803775681584 0.7678228610776531
0.44154693557619373 0.14452379051256925
0.9886202916032659 0.5004663000876782
0.9625346478014628 0.043188456399319675
0.5556461632580338 0.7626196711787937
0.5476425445164453 0.10018885055878846
0.992632286711697 0.9768364841713976
0.10371771939920671 0.5848790493470879
0.0227329065062003 0.11221248661012673
0.9925573347156862 0.8004235626355816
0.612461370342796 0.2505732096585286
0.858178110870921 0.19442080711005527
0.7208408879249211 0.5104924384292078
0.07370423806217874 0.752604747150942
0.4519413029155023 0.9953100073456835
0.1461609627089434 0.21142198837844295
0.510124434497331 0.4596372251453782
0.8910942733397645 0.8567265150550563
0.6590785198226595 0.07340906993458307
0.5688192809836193 0.06352992907156518
0.09372953746973511 0.003361812220566085
0.460233486732916 0.2756902533057509
0.24837581595333225 0.5288861268228575
0.5525133078948088 0.8246176272766098
0.5848991415149742 0.06252496008700614
0.10364528880591584 0.8425206525288043
0.33166447995068726 0.7549566141160358
0.8596262800692277 0.5384121728283382
0.9767273352016277 0.3301230738152806
0.6092996498902559 0.27403924113552147
0.5582259759924043 0.41823478386837587
0.5791772933422993 0.20209626413732884
0.44034384044189023 0.9327023348495657
0.8942302023071249 0.7105268491817797
0.3149843938151644 0.9716169234483288
0.9605129948662869 0.554414222512458
0.6273097105779296 0.31522074950451684
0.16162068900733984 0.35090590743739836
0.4875508169242465 0.8378798298473897
0.7033589777455787 0.06281357522188813
0.4020059700556866 0.05639097778313018
0.7896416803957164 0.2029741316099123
0.8329013587009999 0.5960259705984479
0.5675123531717328 0.7541535951865157
0.6797958594767658 0.5715355101547867
0.4403193341983621 0.21822066855495414
0.2644693532475525 0.752406364363683
0.41545678504108996 0.7835119058030512
0.29674259034073236 0.9099851676115273
0.1267168742707282 0.33075608305397186
0.6004335028355859 0.9286526203086972
0.05118090323401414 0.8856205164389411
0.08666328071904228 0.10405242558653827
0.22671045144619217 0.16988723963974584
0.5759831915048548 0.54844926618048
0.4684818052216637 0.10346255355850009
0.5913007154026023 0.7766106488116056
0.6816404423026213 0.4658686145126226
0.1703418800591905 0.3551777073483461
0.3720345249264515 0.4385608667579437
0.07939389233683036 0.9643104471248731
0.8681195583740431 0.4183609951703845
0.5493302762934064 0.34246293927486415
0.08450903694106238 0.31748964800882296
0.8004288722263406 0.3634646937910805
0.8812787993331319 0.5471290208382821
0.17425003923665106 0.9296544376323035
0.20301559307580286 0.019140653169483546
0.6488510495853176 0.4556330363660045
0.2177328238373144 0.7945086926855058
0.8778698826089805 0.4642723261798719
0.6181602052083098 0.4572748883925669
0.6645199523337718 0.21993749382134475
0.09654560020084835 0.8991761802547523
0.9582945755063754 0.38345011995740497
0.7589911086582958 0.9628913728399201
0.0451881725034784 0.38914021583093716
0.9064780074432257 0.3107491648498695
0.5914988917754898 0.6164052556694875
0.17711759537826355 0.9609438626846729
0.5967852743834708 0.45651469246072984
0.5177983606349637 0.1647519643518509
0.11330702844509699 0.05996890798134247
0.8332824162613178 0.6859370062508167
0.7972883050206333 0.8905417211314056
0.44693697229759 0.08747558335061556
0.971599283905201 0.20920586401621655
0.6996692238133928 0.3309333442612664
0.8999598651639731 0.2644612626338927
0.11226656569449256 0.8502641491296812
0.39952700048851597 0.2751561559412683
0.5412258596102512 0.2745019023384234
0.751735164402439 0.25771151541838866
0.669289122778218 0.14275879543477832
0.11051695864825373 0.37172946980085186
0.9892852781615397 0.28014013990550723
0.25253913034357844 0.7362865709051379
0.16351085597101944 0.9846303130024849
0.5658466222676956 0.6037836505045923
0.27076487434935326 0.8127002186995111
0.631315241452056 0.36904349474985
0.9892864006343 0.5453318895502491
0.615571593658839 0.1384185371959782
0.20622578999675745 0.8663509154597955
0.9645465797006224 0.4869907258032202
0.8929134778194934 0.3914030421370399
0.5635860742885704 0.5915163371501636
0.34007328710868323 0.9486064027734945
0.6130513016437797 0.14258837692712012
0.008259340222870004 0.43085611675006064
0.9575981144727456 0.31155995869121733
0.3161795025703261 0.11495334930161916
0.5028329123080186 0.5760921580435647
0.6632000646722935 0.07417652508198991
0.6548005449341784 0.39276020580370763
0.8622098134064948 0.19860706417813323
0.4257671158257845 0.5459719749656006
0.9451543542457018 0.3814680113977966
0.9640190083864705 0.49952359020498727
0.9959340901341355 0.6299286657971082
0.7859063946168473 0.23043648480196954
0.2639925333697306 0.21527420141198128
0.9151183193158088 0.8342914474862299
0.31680395555277185 0.49003393272500617
0.4671833385355906 0.6570947434410763
0.4006024660534766 0.6686077186247108
0.9564482348465355 0.8307820609345176
0.4960775425719216 0.6931252730608148
0.7482943898779585 0.867786531379919
0.7793934009807854 0.28771787416853734
0.6311102150399078 0.4046668298213204
0.32877286096964986 0.4420782373908858
0.44054474999509274 0.27561227733667515
0.953019063834127 0.8591286551984239
0.032826113950819136 0.8437117312842496
0.960730856899388 0.3518136018792649
0.6744361804626221 0.9211937710318294
0.5376012166402829 0.7804777869087711
0.09219019352738445 0.6694153882589077
0.1540698189315597 0.8849862752770142
0.010778645718315105 0.5851974711956276
0.08673499706032484 0.2846883622421663
0.9940857071519662 0.05217502984062161
0.7043119238745028 0.9945224661732476
0.8021070607304807 0.9641508327769397
0.6425572648646927 0.03700428376012754
0.2770472437428666 0.6120113212567528
0.37246362831529034 0.11753616310570036
0.9801846196010476 0.3665836605769953
0.9521590524490124 0.8744206168597942
0.4153502058751348 0.6868838937217563
0.9453307065755197 0.9151563415018161
0.6953736631919051 0.6365253379661665
0.5876236670064265 0.707040434082962
0.9346084861798418 0.4006280670679422
0.2873495143628062 0.402795942617591
0.48365549462320934 0.26138909599165416
0.4579714145522099 0.8508888399194801
0.36166176763433777 0.11254466247933781
0.497215643891496 0.3653941204015414
0.8870804509095257 0.8712750432521834
0.4512924114600555 0.3117161060286985
0.5595336237615538 0.0806738080035374
0.5325910952679188 0.20216283870394192
0.7034293937133539 0.5867226226586632
0.19534856546451163 0.7893206137315633
0.24824155377821722 0.4207840157707464
0.9161713757828575 0.595369053988378
0.2908676965139043 0.9219441484016915
0.17492602042560268 0.4219231537174365
0.7622405086896561 0.6931080519930972
0.3863937040606161 0.6476838714395626
0.6033734052607362 0.20057063313724377
0.6942194373827577 0.5401237045013331
0.345280842205383 0.6988563049787391
0.6060675742451721 0.3826298425692384
0.8827203890398042 0.6909408658074305
0.4225291752260788 0.9499719639041694
0.533462086010943 0.3185395671145491
0.29220892422802025 0.7526576208507598
0.1827980758651374 0.9179653747907568
0.5115527211603346 0.5146830456643592
0.4272637291393756 0.4741319733048702
0.380359155647613 0.5493831956382407
0.15204867208008443 0.8585962889528325
0.5225516801588687 0.054529160967935364
0.9033344829341603 0.5471055275323841
0.08667034652255212 0.8605172710781502
0.7498034977342505 0.9779343364111948
0.6516754426148104 0.8344391663921097
0.06682075686158162 0.8343674890197481
0.9810377030827602 0.9680174216733757
0.8222993438706422 0.3130044629717701
0.9917228021338741 0.15883659688377438
0.49501640035908756 0.8741318782947507
0.43456068851833585 0.831995000989567
0.7141563872315972 0.06123094497218706
0.8186229034464562 0.843247834299858
0.07311398149216108 0.7237562628789035
0.05461409127715722 0.55490739791088
0.3410987098790459 0.38064372435862637
0.14091662101996194 0.5822116038257461
0.47283981406847253 0.5215750605504842
0.9708100161455213 0.47056744557157815
0.3996986835662003 0.358846609763423
5.196961950072465E-4 0.48302087510397396
0.5747532051475062 0.9147608998815593
0.08513247052481743 0.7525007338328022
0.6399266761381504 0.3577793023781032
0.2630488451851354 0.284828546653914
0.3849917248124981 0.18524480661342246
0.6495253279728456 0.6861825186722607
0.37628709392930304 0.1913038382350083
0.8859921136096316 0.03264829588847262
0.24724345443061724 0.15572683752636418
0.7842153488733582 0.9996851954229852
0.6633220609729517 0.8426471449218673
0.9030047420531384 0.22578147411961824
0.4007274415735187 0.2078083848536244
0.8000512712704356 0.8972675747434883
0.81126411406936 0.6787307588278845
0.6126117363652678 0.7102017045302362
0.1849638617165884 0.9942770501891269
0.4381401078388897 0.6904374423455303
0.16761910276894076 0.36841900606493616
0.709598384842172 0.8344281593616816
0.44211486901984476 0.6775759591393594
0.3900622953266558 0.17101851470196017
0.3404602635349778 0.961716849624632
0.34737023637823483 0.6384188539195589
0.9176775394512707 0.7764880505905467
0.7119465567688871 0.12075289178122839
0.28921536494763145 0.8369487729700615
0.3695631335293331 0.09501531362671034
0.7103101493258634 0.9530672192920637
0.9956858620393898 0.601970558615291
0.9587274238270962 0.47294982066659563
0.1991855521833079 0.6734696015486549
0.07157291684968992 0.32184719580452303
0.41057592073381777 0.9238569398899555
0.38237080718126426 0.2533000991953366
0.12357337239252031 0.7445851743791665
0.10636462110559275 0.11335936451064854
0.9786570192555625 0.42884990290219627
0.43000364453885964 0.7596339405099743
0.9634392799100651 0.5970029193896839
0.17483620371809117 0.7739912456529789
0.6970410011772021 0.4936973546345187
0.6265380451984279 0.26105515814051194
0.36429743707457884 0.0841631325250849
0.04656283468934663 0.8342161491925163
0.37050416549554643 0.3897068208403215
0.7169090226024073 0.35668936743661983
0.1985451084951544 0.17147536384422224
0.10775522726877262 0.1272260915308121
0.2676275912804952 0.8967180262304666
0.9032239407416301 0.978404837006985
0.8164819472365241 0.9032267638278836
0.1722920484266076 0.1899983562297366
0.9637661178211638 0.8153300201171966
0.9298729452152251 0.210732999409606
0.13454882812170021 0.5587606555868968
0.6973542917504173 0.9288277674196824
0.9841270938887245 0.7719138442538677
0.44238248442391437 0.6350199912918539
0.7990671201167481 0.017456137856398102
0.454442826035494 0.8813553625042518
0.11024038598973374 0.9609421307644482
0.2957924654780604 0.15484032868350717
0.9137594275981135 0.6020405257653694
0.9565606494897926 0.6571248250470224
0.46310052826139925 0.7191668727704071
0.7383387852200078 0.5097040652898391
0.06933369829556035 0.9197652182006245
0.19234089146101652 0.38869816166056415
0.7262627348505538 0.07617650973978374
0.6462221013170433 0.9340886959501581
0.6634113328303672 0.47097685090841723
0.4679018159350137 0.2753616932106603
0.12217360527372534 0.6758638011340633
0.235244472065805 0.6688269519432034
0.7490807838599071 0.044614614725491664
0.4072102635938636 0.5514534492751315
0.005017953027428024 0.7133353547061656
0.9250947224138886 0.2818817875577009
0.9003580918615435 0.17016505419036543
0.4117344514066912 0.4613436247660846
0.1833631616407686 0.7817946481036208
0.28206417229006 0.005539995182121893
0.8328351228606503 0.14560569531324397
0.13016772300378188 0.07309898648930901
0.3358818949424661 0.7739289854471464
0.21597371140869104 0.5470552640442131
0.7677972606094913 0.41086867619432443
0.7390043103680612 0.012862612878159041
0.13343490101050348 0.2323326522217939
0.8570934468578981 0.07977244022930685
0.7780915345886052 0.2863556622136627
0.08474834991723013 0.4519802942599016
0.9307948036317369 0.793496389775911
0.7888364813317027 0.3717637956573958
0.6040264073462097 0.34603528653758653
0.9885375189844195 0.928904701220384
0.14129224076007008 0.619895490017994
0.5620077279407306 0.25900896679043806
0.6775847166373316 0.9446542114003149
0.263962424011949 0.8379085813697785
0.6576657727917414 0.9647070115862848
0.6663891779007369 0.9201493036946476
0.3432306009974039 0.6685935351935043
0.24886309901547243 0.6666385018571879
0.9323964507597544 0.2636876953748688
0.385442802704955 0.6598485062960752
0.5135921947846822 0.7299011118311585
0.9018836487755452 0.31453983914332595
0.5808086386293515 0.39874384810093244
0.2099125443324591 0.15779026610249303
0.24830086917215466 0.5730316191813345
0.7645667007877036 0.07418498786447425
0.6202181362587568 0.02772428750919409
0.7361062398224142 0.39034438044795416
0.9942685145506562 0.21382532301168988
0.33976839495428424 0.10753525932892816
0.7084089662390859 0.12496772965687852
0.22463917963556013 0.6819326163265865
0.4756841251116004 0.08025682934791922
0.687175642104301 0.49916849363319993
0.994719908430555 0.12713579383163465
0.24542027279267442 0.5931255748051535
0.4720107563879432 0.3744851814740606
0.2867064771821537 0.21850290809325434
0.44702234657456097 0.32886290868821877
0.08466201902246162 0.6025016170141043
0.9722643027863107 0.22573645291268674
0.47057514133393896 0.5730490197135312
0.7678702351272826 0.4227544069150516
0.8396958793068019 0.7892994081804514
0.44385524784528796 0.15354996164596357
0.9748028900954913 0.9847205592698012
0.2631039220577307 0.3282638461473133
0.37737390977968077 0.973895043844649
0.204274633087127 0.6109198455114581
0.41095584153595954 0.17123571553970818
0.27618864320647485 0.7039813128242599
0.5818381237078626 0.023135277471907578
0.13390555466006326 0.6268624907343266
0.7088911223313662 0.06463996253317439
0.051569237683462 0.7878632326173658
0.5674387221811106 0.27755773164373265
0.2182413069786283 0.8179418739047338
0.831292573467892 0.04898171139897067
0.140322145770313 0.45993557078684644
0.7825826507894372 0.30752982810695806
0.6577916986259853 0.28828328701038786
0.3107773257033969 0.34917212181601565
0.7113861717502871 0.6720013558750961
0.18029339194718763 0.45533722200851656
0.533958324449548 0.18760746858014177
0.4103543351235661 0.6530600984788704
0.38165288686678633 0.6388838363998921
0.8812635768013106 0.8702532744275407
0.26916063948887625 0.9468156925049328
0.9580162112729343 0.29875402355282765
0.42819834109810373 0.4357365988366698
0.0051814679446524625 0.9936207285126462
0.3694935367107207 0.4606575619205263
0.15624562936285258 0.6092212134551607
0.4959370558068359 0.8959517106835604
0.5961125764966594 0.7009769072691553
0.18819802832105248 0.737012454599109
0.9172176366849091 0.20619650927689714
0.16397961577437492 0.9541973435583669
0.817717770246132 0.558253412039598
0.698226097707397 0.7823161064638762
0.5244788392580642 0.3854311754662014
0.9839751083503829 0.8291160369787177
0.8440890991655123 0.8990820644053388
0.5121811206156323 0.742663376531207
0.671885024707171 0.885313419230181
0.8537198250852127 0.6902148715100569
0.12198435971521948 0.6802377650788664
0.6379149747686379 0.5701185532346998
0.18057817014823851 0.6308916531221352
0.8393130786944041 0.7034786895809705
0.9302420638317722 0.322250079569818
0.7080630949699196 0.7337644317001798
0.9447845177379773 0.2853319995355792
0.809141900900509 0.6002378189150233
0.4121576924571809 0.9922143508541453
0.6717988685710786 0.7450214101672388
0.9072144356949885 0.6908409137029003
0.4929753622426658 0.16382142942802258
0.5066026387330267 0.035833768849884096
0.18708844208173958 0.5167678872804854
0.11484576980187766 0.5310845803821723
0.8294501527393056 0.27852768796724103
0.45366711559748285 0.5157238004259618
0.20172726674557573 0.8257930966873567
0.15587155965784483 0.7971360278852103
0.7152285146716987 0.4354421621164827
0.8006082615453414 0.06300989565744519
0.4614397295325293 0.39811384693018315
0.5285937725369706 0.8889814134647162
0.5191097267894696 0.8396355852894569
0.0838845479259468 0.499250000713532
0.9333228471935795 0.3866861168048443
0.743043906770005 0.434616505669982
0.9743765366795921 0.513272277873154
0.6130580270129046 0.9357130240596871
0.3829156454996352 0.2610430710312541
0.206111975943851 0.1587648698430688
0.3126575394343173 0.03916038879775119
0.03234539756059529 0.30704452558990614
0.5931750597498748 0.3783904091551107
0.19096507601383506 0.3832489388271172
0.7525871750310291 0.8392753938557724
0.5855992557180095 0.546350723216443
0.9636401053309814 0.7556907838895024
0.4415366666433458 0.9910448864628418
0.7065441562949631 0.13278794809180827
0.26050081348873755 0.858732421809111
0.47806495324691733 0.8122679261443241
0.21286798493277337 0.936053163947701
0.3187497092851417 0.9681272976175177
0.23774526634311544 0.8002997280434969
0.27880280096171894 0.10246216079803094
0.798082670698263 0.630615460171599
0.1980071755819397 0.9736117281528299
0.3210010847207796 0.11969908899496873
0.33622128523366623 0.3078685390555499
0.8427760587151203 0.7928094469147148
0.4583637399184448 0.7211770693835545
0.2734244929860189 0.5691836745000134
0.9514309473036943 0.008688593444042492
0.9976001649323176 0.585552733122986
0.4309758102822837 0.847734575974123
0.23651038822243464 0.1422585442642348
0.08060793670065847 0.0037271573571774352
0.7098257550177121 0.12954702406839258
0.6604594323282685 0.3286895694041203
0.6570608208682651 0.44493182090422423
0.7191922330583217 0.19856556067340925
0.2046628277142316 0.7220940064671186
0.04900657232454009 0.5481517665865581
0.39805265465733586 0.15760290012070277
0.8342424753491281 0.33144212926886096
0.9571203723754149 0.3438139032086709
0.26154895594636485 0.060369074317320304
0.9591850882827354 0.7946192842685951
0.5832290132057577 0.05637163522643529
0.20518724725062343 0.28529824112077407
0.7552504088989725 0.18691535083063715
0.9828888574138555 0.21853301836737116
0.8075459344593995 0.15303473732045902
0.3051149410307642 0.9757278573795095
0.04660908120978735 0.8441642487861465
0.47157797084724784 0.6160881881574446
0.039023840027930135 0.8829686487965535
0.9795835799371033 0.34548760603312934
0.07945088115104781 0.24557963351181822
0.3919254045411653 0.8929705114000283
0.507724083030034 0.7615902582905509
0.7595326506691632 0.3048087231937886
0.8070951206535598 0.3733543257498495
0.5919440170961727 0.694350444773333
0.889296206005547 0.2655832463799538
0.17043736191003045 0.1704704688278188
0.3519738546347705 0.3639281023140636
0.20665381985905185 0.5082509642223817
0.7801795836907035 0.2451799095216951
0.4638121817602926 0.12259192174239941
0.35598611726758267 0.20191648783908267
0.9781170216745775 0.5587714038624184
0.13893046133618636 0.060869584046985614
0.9447226451622824 0.02354549354518587
0.38486817253464756 0.3669813529861927
0.16562181009903632 0.4461983697321559
0.18195577599626866 0.7140643149117806
0.19608661850856346 0.18102322443926722
0.49986122796371724 0.3281746064170119
0.9717965647715477 0.7410351358485833
0.47193507743681784 0.4912534011033307
0.7505464954759418 0.8872870913538841
0.35995773633937433 0.030286480187619702
0.6604352635913809 0.9889808592345407
0.18721142200038954 0.891178065898378
0.010693369717909351 0.8166347861540502
0.46800744371407577 0.7667291668830357
0.7918157997490709 0.8338905966876906
0.810433099968565 0.8545571611671439
0.46842448709344964 0.6131119634615122
0.42396477790040754 0.08348764342083093
0.25129188830313953 0.21574764622660658
0.7247268089894398 0.5658956531075706
0.5242154030447203 0.2505023934784487
0.2985584004913595 0.6086683876896982
0.9969405709228688 0.8506793077413191
0.4556839478459006 0.3469066272406086
0.45708770821728884 0.9966271460062116
0.4906644644364536 0.9521777707976998
0.7020457814220948 0.4500472803102332
0.5474411572226608 0.41107855260043014
0.3460539192987905 0.06398408458831961
0.6816646758920154 0.0700607342384697
0.7181997497364703 0.38564417069036927
0.3111363123611144 0.4989185653021053
0.9938207632481328 0.2787590726414896
0.750070590614715 0.738031750816928
0.03480341477432214 0.7580270696725209
0.9340212209198462 0.6634035635746834
0.15353189309757176 0.3502398054254653
0.7596951169567957 0.028728566884074214
0.16074678187794345 0.07501958885189264
0.687512417194376 0.7251697775846674
0.6093313156538471 0.5726639602880725
0.38465273768850394 0.9372206427660326
0.10405087961318604 0.997413798793554
0.22246107504597556 0.16697250928027962
0.9115291876788923 0.04153246727755111
0.3844695344648471 0.549303034806073
0.8752524527898682 0.8589027533381122
0.18992349774835926 0.4869472494738868
0.8171505679723121 0.7164195106022079
0.9925844154034845 0.3971072857274942
0.1903122939222236 0.9172756892274533
0.6757132890584762 0.2802030105762152
0.7366488936948492 0.9123102790962764
0.3315226072391364 0.8965603275064141
0.298829087639386 0.5439062505198287
0.1870165370603335 0.5682797751037205
0.7375652526427752 0.05149781540170684
0.2180227603672502 0.011223045418740085
0.11333943928713686 0.8085656854131027
0.17935124174794936 0.1460006823059038
0.9059146908212018 0.7580702278939331
0.971399048617278 0.5370390827672694
0.06548576106523296 0.16659190883782415
0.3621522210388165 0.9652506518682635
0.11608075368612059 0.6270194287968238
0.08841920228636813 0.6525259596362871
0.36483285830489687 0.20544577494190785
0.27126274853571775 0.825212447017286
0.5099996866676801 0.250002818977058
0.8979800574395036 0.6289390032232256
0.5861149413848507 0.6576858477093609
0.8466141800800159 0.8885916003116804
0.23641541138812194 0.32978888169745557
0.5588615972597915 0.8449399619290763
0.7606938835387335 0.13739282757032534
0.003374859667161445 0.7933611969956804
0.250986427515405 0.9654182324793728
0.013840941795066342 0.5003009125158268
0.3980102488866084 0.30707492969545147
0.43484946490999477 0.37955811056197397
0.22802625585483616 0.4401112289147263
0.7634474332478672 0.6731754591724832
0.11280818661488001 0.4320855133929066
0.13541006026884161 0.300661633246018
0.8846581330354839 0.09395341190627171
0.572640042186949 0.6154677965450516
0.7839155889774586 0.5295841763446446
0.3817402939054638 0.03908589493362258
0.2681658341640131 0.11339000883657058
0.47368844299306756 0.43083121088893805
0.420360497283784 0.5690724864403727
0.16067356679560618 0.09531740808433409
0.8073212220440075 0.31956074779253196
0.678538931763134 0.5298273588089488
0.16060542921802567 0.4315357512103556
0.2819070197391358 0.3702286478647637
0.17847037698167922 0.2875063549069914
0.2639463785232836 0.5067772793471579
0.08068042539055875 0.5842219156591053
0.6638719061321938 0.010099444678644431
0.2871590771393826 0.37827775297621624
0.7426537520534054 0.3328356353460138
0.7369964065096445 0.6780889810505185
0.5310423078990634 0.233876971627893
0.9160791928851888 0.5159794451735094
0.8839000142929074 0.009819370814956985
0.6196198104377699 0.5249521174028946
0.5109627997010783 0.9122056794083675
0.8401170258702613 0.7917781690730243
0.3965379896854855 0.07932191514946485
0.9417901079711554 0.16136172068336507
0.8692767580499557 0.9177587285843973
0.4592851935351907 0.22690813344061134
0.3380434609180901 0.6316444264046033
0.4414610548481739 0.9562435949107491
0.37103630042248614 0.5164017278533917
0.25031865019277255 0.276704153973805
0.3626963439032188 0.7090750033063249
0.12064719686880887 0.9693328603336532
0.5065754094429329 0.31872044000331445
0.5877169445772875 0.9076938141832598
0.17221575225327068 0.24804741035665712
0.09835688051166114 0.017432194198123474
0.07022707076788326 0.5614432269214277
0.7350132379525436 0.32977990054251594
0.7821297966455132 0.9547105064863406
0.002892712235927797 0.15552631074547363
0.3301659573881608 0.7382901263250887
0.057051713282159855 0.715544588275692
0.4671615493467851 0.7584393479163561
0.5793012478460873 0.5297835775272405
0.2776580030726018 0.8497790410003624
0.7540545626560256 0.4887063065350218
0.4989122204621632 0.7378196995742838
0.4377525794352285 0.8094759817738939
0.6939977941712778 0.7915211641872295
0.6682598034968034 0.013760736986086819
0.03912325184819809 0.663636664956611
0.11863157893301968 0.6548489772036045
0.02341520445935319 0.6505359654349625
0.9639109542782192 0.7688371353229861
0.8017978909672072 0.5533992805416421
0.9001215626317997 0.927972134435052
0.29023262692225327 0.929117719005417
0.7313803045667444 0.333801243466779
0.3474642411958755 0.8819317175889025
0.024062172969692375 0.6036021030388362
0.5485538620848851 0.9657845324471594
0.8162064599411258 0.7756361086293108
0.12286041791987612 0.3425627064616902
0.26586220469132327 0.5870889797548279
0.6027660540384863 0.0728410304037379
0.42382788915078884 0.26313181622543846
0.6093234716516344 0.30344457881730613
0.024248940697039645 0.8963573897443434
0.9871358008230706 0.16008619517139444
0.30079341483788924 0.9929156688826031
0.19316301297675187 0.35353252207207886
0.35663522389011504 0.9149935467678363
0.44278074836266024 0.8641973179038526
0.5432310101055903 0.7588539302894738
0.6213012080167957 0.5827561492908679
